1.4680166
0.9320452
0.87430036
0.8461665
0.6945323
0.62389183
0.73047715
0.5248668
0.6946796
0.83459055
0.78050214
0.51433975
0.57640946
0.6090714
0.6554966
0.5818967
0.5416363
0.5713591
0.56607896
0.5261215
0.53431934
0.680921
0.5738133
0.48298895
0.38423672
0.5175287
0.4797632
0.6920716
0.5080204
0.58347535
0.43370152
0.47962305
0.40468907
0.50912005
0.46776658
0.4641343
0.65141624
0.5503098
0.42219356
0.6536828
0.5078682
0.55505425
0.5260574
0.47094184
0.53336906
0.64453167
0.5190639
0.48017862
0.47227788
0.48258185