0.515625
0.6640625
0.65625
0.6875
0.7734375
0.8046875
0.75
0.8046875
0.734375
0.7109375
0.7578125
0.8125
0.796875
0.7578125
0.7265625
0.828125
0.8359375
0.796875
0.7734375
0.828125
0.796875
0.796875
0.765625
0.84375
0.8984375
0.828125
0.8671875
0.7890625
0.828125
0.796875
0.875
0.84375
0.875
0.8359375
0.828125
0.84375
0.7890625
0.828125
0.8515625
0.765625
0.8203125
0.8359375
0.8203125
0.8515625
0.828125
0.7734375
0.8359375
0.828125
0.8125
0.828125