3.36E-01	8.29E-01	4.42E-01	7.24E-01	4.78E-01	5.97E-01	1.23E-01	7.84E-01	6.13E-01	9.57E-01	4.73E-01	6.23E-01	4.07E-01	9.895332455635070801e-01 1.510122269392013550e-01 4.791419208049774170e-01 6.557289958000183105e-01 8.325488567352294922e-01 4.304512739181518555e-01 5.818913578987121582e-01 4.475630223751068115e-01 1.094564199447631836e+00 2.600262463092803955e-01 2.327452301979064941e-01 4.942691922187805176e-01 -5.300714634358882904e-03 3.841262161731719971e-01 1.453236639499664307e-01
2.60E-01	4.65E-01	2.41E-01	7.02E-01	2.71E-01	5.98E-01	7.81E-01	6.73E-01	5.22E-01	2.44E-01	4.51E-01	4.59E-01	3.55E-01	6.570910215377807617e-01 6.448453664779663086e-01 6.119377613067626953e-01 4.116627573966979980e-01 4.950737059116363525e-01 3.200396299362182617e-01 4.276936948299407959e-01 6.700933575630187988e-01 2.312585264444351196e-01 7.903487682342529297e-01 4.473559856414794922e-01 6.354129314422607422e-01 5.442914366722106934e-01 3.411923646926879883e-01 1.766373217105865479e-01
8.02E-01	5.67E-01	7.74E-01	3.34E-01	8.91E-01	4.35E-01	6.60E-01	5.74E-01	4.39E-01	6.16E-01	9.10E-01	6.19E-01	7.18E-01	6.477251052856445312e-01 6.866633296012878418e-01 3.202733099460601807e-01 9.966517686843872070e-01 6.913886666297912598e-01 3.143179118633270264e-01 9.760182499885559082e-01 6.703292131423950195e-01 7.799938917160034180e-01 3.910863697528839111e-01 5.114234685897827148e-01 7.490635514259338379e-01 2.947749793529510498e-01 7.893434166908264160e-01 1.046212792396545410e+00
2.69E-01	5.33E-01	7.85E-01	6.71E-01	7.10E-01	1.01E+00	2.46E-01	7.01E-01	7.78E-01	5.87E-01	7.39E-01	7.32E-01	5.84E-01	7.925842404365539551e-01 7.090456485748291016e-01 8.299586772918701172e-01 3.015793263912200928e-01 7.130604982376098633e-01 8.408686518669128418e-01 4.600226283073425293e-01 1.267288923263549805e-01 4.413495659828186035e-01 2.732970118522644043e-01 5.957262516021728516e-01 1.517731845378875732e-01 5.614711046218872070e-01 5.674572587013244629e-01 1.991916745901107788e-01
7.48E-01	8.22E-01	3.48E-01	7.04E-01	4.49E-01	4.92E-01	1.01E+00	7.46E-01	5.81E-01	4.83E-01	4.27E-01	7.19E-01	7.28E-01	4.978699386119842529e-01 6.939401626586914062e-01 6.078319549560546875e-01 6.717734336853027344e-01 5.236535668373107910e-01 3.201135620474815369e-02 6.491613984107971191e-01 8.916612267494201660e-01 7.718412876129150391e-01 4.716083109378814697e-01 4.805095195770263672e-01 6.568420529365539551e-01 1.958083808422088623e-01 3.709146380424499512e-01 7.764260172843933105e-01
5.78E-01	1.91E-01	3.99E-01	7.10E-01	8.19E-02	6.92E-01	-1.17E+00	1 4.022695720195770264e-0	1 7.328577637672424316e-0	1 4.323719739913940430e-0	1 4.804644584655761719e-0	1 4.881240725517272949e-0	1 5.126978754997253418e-0	1 3.851700425148010254e-01 4.488160014152526855e-01 2.052307873964309692e-01 2.814291119575500488e-01 4.112323224544525146e-01 5.938593149185180664e-01 1.453871745616197586e-02 2.456799596548080444e-01 1.965823024511337280e-01 6.966443657875061035e-01 2.705536782741546631e-01 6.679996252059936523e-01 9.870699048042297363e-01 9.316005110740661621e-01 6.711979508399963379e-01
3.85E-01	5.79E-01	7.08E-01	1.22E-02	8.57E-01	1.70E-01	8.97E-01	2.47E-01	2.67E-01	5.72E-01	5.17E-01	5.47E-01	6.33E-01	5.420563220977783203e-01 6.538625359535217285e-01 7.102617025375366211e-01 5.648708343505859375e-01 2.763326168060302734e-01 7.479045987129211426e-01 5.421122312545776367e-01 3.617686033248901367e-01 8.783969879150390625e-01 5.143386721611022949e-01 9.844221472740173340e-01 9.891821742057800293e-01 4.047859311103820801e-01 7.280717045068740845e-02 3.499781191349029541e-01
4.09E-01	7.08E-01	2.80E-01	8.70E-01	4.00E-01	7.16E-01	5.72E-01	9.84E-01	8.08E-01	8.20E-01	7.03E-01	5.76E-01	8.42E-01	4.526779651641845703e-01 3.144926428794860840e-01 2.632246613502502441e-01 4.329740703105926514e-01 4.254383444786071777e-01 3.399758338928222656e-01 5.456846952438354492e-01 3.675971329212188721e-01 2.820390462875366211e-01 5.537375211715698242e-01 4.079055413603782654e-02 3.083891868591308594e-01 2.074377089738845825e-01 8.480221033096313477e-01 7.158550024032592773e-01
5.96E-01	4.56E-01	6.34E-01	4.43E-01	8.56E-01	3.82E-01	5.93E-01	3.19E-01	4.75E-01	3.92E-01	6.27E-01	2.82E-01	7.49E-01	2.899636924266815186e-01 9.554408788681030273e-01 5.993662476539611816e-01 4.765515327453613281e-01 4.653944373130798340e-01 1.635445356369018555e-01 5.977931022644042969e-01 1.243834421038627625e-01 5.387062430381774902e-01 2.044359594583511353e-01 1.914368420839309692e-01 4.426832795143127441e-01 3.546112477779388428e-01 3.726843595504760742e-01 3.059321641921997070e-01
6.16E-01	3.82E-01	7.68E-01	5.51E-01	2.68E-01	4.93E-01	7.68E-01	6.69E-01	4.15E-01	6.37E-01	4.74E-01	2.44E-01	3.93E-01	4.082437157630920410e-01 9.123440086841583252e-02 2.133666872978210449e-01 4.007706344127655029e-01 4.638266861438751221e-01 1.600330173969268799e-01 4.406985938549041748e-01 2.371675521135330200e-01 1.722427606582641602e-01 4.251058697700500488e-01 8.118796348571777344e-01 5.393652915954589844e-01 5.774726271629333496e-01 6.104261875152587891e-01 5.228792428970336914e-01
6.52E-01	3.87E-01	1.64E-01	6.06E-01	6.65E-01	2.21E-01	5.46E-01	5.73E-01	6.68E-01	6.83E-01	6.00E-01	7.17E-01	6.00E-01	2.956213355064392090e-01 7.362837791442871094e-01 3.464976549148559570e-01 2.553372085094451904e-01 2.700879573822021484e-01 5.648030638694763184e-01 3.476303219795227051e-01 4.860995337367057800e-02 5.038295984268188477e-01 -3.736703842878341675e-02 5.766913890838623047e-01 3.219234645366668701e-01 7.209051847457885742e-01 4.919942617416381836e-01 5.304336547851562500e-01
3.53E-01	5.75E-01	6.29E-01	7.17E-01	5.89E-01	8.04E-01	1.85E-01	5.11E-01	4.33E-01	3.66E-01	5.23E-01	4.61E-01	1.59E-01	4.685933291912078857e-01 7.936224341392517090e-02 3.401880264282226562e-01 5.239195227622985840e-01 4.537066817283630371e-01 4.684147834777832031e-01 7.419099211692810059e-01 4.778430759906768799e-01 4.834139645099639893e-01 2.035126835107803345e-01 6.100873351097106934e-01 1.166770234704017639e-01 2.681780159473419189e-01 4.046386182308197021e-01 4.342476129531860352e-01
6.46E-01	3.44E-01	3.14E-01	-5.13E+00	2 3.390632569789886475e-0	1 2.561530470848083496e-0	1 8.130681514739990234e-0	1 5.000393390655517578e-0	1 8.609592318534851074e-0	1 6.146798133850097656e-0	1 3.853473067283630371e-0	1 6.126001477241516113e-0	1 7.887033820152282715e-0	1 5.502061843872070312e-01 7.137640714645385742e-01 6.592285633087158203e-01 5.177434086799621582e-01 6.270304322242736816e-01 3.357115089893341064e-01 3.232842981815338135e-01 3.803755640983581543e-01 4.623703360557556152e-01 1.231224834918975830e-01 4.308270215988159180e-01 4.790573716163635254e-01 7.001581192016601562e-01 1.562848389148712158e-01 2.599510550498962402e-01
4.66E-01	4.15E-01	9.31E-01	6.95E-01	4.75E-01	6.92E-01	2.19E-01	9.09E-01	2.82E-01	7.99E-01	7.77E-01	7.39E-01	6.59E-01	4.360246658325195312e-01 1.043931722640991211e+00 4.844172000885009766e-01 8.299197554588317871e-01 5.609003901481628418e-01 8.933870196342468262e-01 4.301922619342803955e-01 1.848991513252258301e-01 6.397711634635925293e-01 6.187666654586791992e-01 5.404847264289855957e-01 3.035234212875366211e-01 5.243735909461975098e-01 8.095171451568603516e-01 4.231084883213043213e-01
-4.17E+00	2 2.188998311758041382e-0	1 6.811410933732986450e-0	2 5.791597813367843628e-0	2 3.871062994003295898e-0	1 2.417988628149032593e-0	1 4.839742183685302734e-0	1 5.464966893196105957e-0	1 7.170500159263610840e-0	1 8.984189629554748535e-0	1 4.725803136825561523e-0	1 6.759815812110900879e-0	1 3.934043943881988525e-0	1 1.009238123893737793e+00 9.385278820991516113e-01 5.602024793624877930e-01 7.733308076858520508e-01 7.484108805656433105e-01 5.405643582344055176e-01 6.356528997421264648e-01 7.286959886550903320e-01 6.209247745573520660e-03 8.336405754089355469e-01 2.704061269760131836e-01 6.668531298637390137e-01 3.439336121082305908e-01 8.786449581384658813e-02 6.040471792221069336e-01
7.09E-01	6.86E-01	6.44E-01	8.00E-01	6.46E-01	8.91E-01	4.13E-01	4.81E-01	1.52E-01	6.30E-01	3.86E-01	1.08E+00	8.59E-01	7.129276990890502930e-01 3.837491571903228760e-01 9.638683199882507324e-01 7.667642831802368164e-01 4.790106415748596191e-01 7.564629316329956055e-01 7.474675774574279785e-01 -2.252173423767089844e-02 5.437821745872497559e-01 3.574278354644775391e-01 5.854647606611251831e-02 2.805339097976684570e-01 3.359980285167694092e-01 5.152909159660339355e-01 1.481509059667587280e-01
6.41E-01	3.02E-01	6.11E-01	6.49E-01	1.66E-01	5.11E-01	6.24E-01	8.60E-01	7.64E-01	4.03E-01	9.26E-01	5.75E-01	6.14E-01	9.609876275062561035e-01 8.710889220237731934e-01 2.019180357456207275e-01 4.347736835479736328e-01 6.586510539054870605e-01 6.166610717773437500e-01 1.964565068483352661e-01 -8.192613720893859863e-01 -4.360188171267509460e-02 3.677937090396881104e-01 3.071089386940002441e-01 2.503931820392608643e-01 5.249732732772827148e-01 6.550245881080627441e-01 4.593251645565032959e-01
5.16E-01	9.88E-01	3.92E-01	7.70E-01	6.86E-01	7.09E-01	3.31E-01	7.99E-01	3.42E-01	6.72E-01	8.84E-01	3.90E-01	6.30E-01	8.882827311754226685e-02 4.760435819625854492e-01 1.220898985862731934e+00 4.232804477214813232e-01 1.837253570556640625e-01 -7.001461982727050781e-01 -4.128786623477935791e-01 5.537307262420654297e-01 5.998870730400085449e-01 8.338828682899475098e-01 7.678527832031250000e-01 6.444112658500671387e-01 7.425560951232910156e-01 6.883898377418518066e-01 5.603538155555725098e-01
7.58E-01	3.69E-01	7.99E-01	5.73E-01	7.34E-01	5.51E-01	8.30E-01	5.67E-01	8.73E-01	1.36E-01	4.51E-01	2.19E-01	3.30E-01	4.133343994617462158e-01 3.908783793449401855e-01 -6.106962561607360840e-01 -4.196373522281646729e-01 -2.493178099393844604e-01 -6.138073205947875977e-01 4.096218645572662354e-01 3.711181879043579102e-01 7.639521360397338867e-01 4.315006732940673828e-01 6.947796940803527832e-01 6.049911379814147949e-01 5.825331807136535645e-01 7.830250859260559082e-01 8.735069632530212402e-01
6.12E-01	8.40E-01	6.84E-01	6.90E-01	5.87E-01	4.67E-01	4.72E-01	6.59E-01	6.16E-01	3.64E-01	6.58E-01	4.71E-01	6.83E-01	-7.345527410507202148e-02 -3.843773901462554932e-01 -4.541502892971038818e-01 3.967638127505779266e-03 2.090597152709960938e-01 4.797393083572387695e-01 -2.363681793212890625e-01 6.499485373497009277e-01 6.167452931404113770e-01 1.736000031232833862e-01 5
4.36E-01	6.77E-01	2.33E-01	3.69E-01	7.12E-01	3.99E-01	5.26E-01	6.01E-01	7.70E-01	4.83E-01	8.07E-01	6.35E-01	2.05E-01	3.876659870147705078e-01 7.966881990432739258e-02 9.024538397789001465e-01 3.294631838798522949e-01 4.459008276462554932e-01 9.089881181716918945e-01 2.690157294273376465e-01 3.432819247245788574e-01 5.858823657035827637e-01 7.322010993957519531e-01 5.828562974929809570e-01 2.748422324657440186e-01 8.315309882164001465e-01 6.683033108711242676e-01 6.197391748428344727e-01
4.82E-01	5.78E-01	6.98E-01	4.88E-01	7.48E-01	6.04E-01	4.30E-01	7.22E-01	5.83E-01	4.36E-01	3.10E-01	2.24E-01	2.57E-01	4.714983999729156494e-01 8.056433796882629395e-01 4.055612087249755859e-01 7.830641865730285645e-01 1.023705899715423584e-01 2.648534178733825684e-01 9.554651379585266113e-01 4.116286337375640869e-01 5.788714289665222168e-01 4.554387032985687256e-01 5.739926099777221680e-01 9.636588096618652344e-01 5.826658010482788086e-01 4.977062344551086426e-01 7.306432127952575684e-01
7.34E-01	7.36E-01	5.92E-01	5.53E-01	3.38E-01	1.04E+00	1.95E-01	8.84E-01	3.04E-01	4.56E-01	1.35E-01	4.08E-01	3.06E-01	4.625557363033294678e-01 3.199405968189239502e-01 8.575031757354736328e-01 1.131459921598434448e-01 5.375977158546447754e-01 8.911946415901184082e-02 3.604337871074676514e-01 5.980455279350280762e-01 5.438957810401916504e-01 6.770035028457641602e-01 6.539732217788696289e-01 2.963270545005798340e-01 6.586250066757202148e-01 6.593143343925476074e-01 2.895879447460174561e-01
2.95E-01	4.45E-01	4.90E-01	6.83E-01	4.66E-01	8.93E-01	5.19E-01	5.86E-01	5.78E-01	4.37E-01	7.59E-01	8.17E-01	9.69E-01	7.299017906188964844e-01 5.128654241561889648e-01 2.367001026868820190e-01 6.709179282188415527e-01 1.373360902070999146e-01 6.903001666069030762e-01 3.132397234439849854e-01 5.209136009216308594e-01 7.456174492835998535e-01 3.242482841014862061e-01 7.706528902053833008e-01 5.863000750541687012e-01 6.565715074539184570e-01 5.777184963226318359e-01 5.007130503654479980e-01
9.63E-01	7.48E-01	7.72E-01	6.64E-01	6.45E-01	5.04E-01	4.82E-01	2.43E-01	4.91E-01	7.33E-01	4.44E-01	1.34E-01	1.97E-01	1.999022513628005981e-01 3.068391978740692139e-01 3.986354768276214600e-01 2.945459485054016113e-01 6.345624327659606934e-01 6.273546814918518066e-01 3.467219769954681396e-01 1.957865804433822632e-01 7.028794288635253906e-01 8.105095624923706055e-01 6.350615620613098145e-01 5.787626504898071289e-01 4.201613366603851318e-01 1.087314724922180176e+00 6.550832986831665039e-01
4.92E-01	7.90E-01	8.52E-01	3.13E-01	5.17E-01	7.15E-01	3.94E-01	7.08E-01	1.07E+00	2.67E-01	8.35E-01	6.47E-01	6.14E-01	7.151874899864196777e-01 6.366329193115234375e-01 3.247566223144531250e-01 2.560019493103027344e-01 3.551361262798309326e-01 1.607315838336944580e-01 7.750589847564697266e-01 2.684282064437866211e-01 3.387477397918701172e-01 1.854029148817062378e-01 7.009443640708923340e-01 7.271235585212707520e-01 3.139952719211578369e-01 6.778406500816345215e-01 3.762229681015014648e-01
4.18E-01	2.31E-01	6.23E-01	6.77E-01	3.69E-01	8.51E-01	9.29E-01	6.83E-01	2.85E-01	9.19E-01	4.01E-01	9.41E-01	3.08E-01	5.165517926216125488e-01 4.843698740005493164e-01 5.860313177108764648e-01 3.721357882022857666e-01 5.946423411369323730e-01 6.510148644447326660e-01 5.242029428482055664e-01 3.301256895065307617e-01 4.763588905334472656e-01 7.022231817245483398e-01 1.793788820505142212e-01 7.334916591644287109e-01 5.352050662040710449e-01 6.962807178497314453e-01 5.718123316764831543e-01
6.00E-01	-5.41E+00	2 4.692083001136779785e-0	1 4.765145182609558105e-0	1 3.713923096656799316e-0	1 9.513823390007019043e-0	1 1.174377351999282837e-0	1 6.406067609786987305e-0	1 2.978986501693725586e-0	1 3.193477392196655273e-0	1 3.426047861576080322e-0	1 3.972791433334350586e-0	1 5.226456522941589355e-0	1 1.329944878816604614e-01 2.002004086971282959e-01 7.321403622627258301e-01 1.817019581794738770e-01 6.118112206459045410e-01 2.614779025316238403e-02 9.841698408126831055e-01 5.253045558929443359e-01 9.820314496755599976e-02 6.553659439086914062e-01 2.720252573490142822e-01 7.716131210327148438e-01 5.558607578277587891e-01 2.586535811424255371e-01 9.513593316078186035e-01
